time_f1:0.7255434782608695
time_precision:0.664179104477612
time_recall:0.7994011976047904
